11111111111111111111111111111111
10000000000000000000000000000001
10000000000000000000000000000001
10000000000000000000000000000001
10000000000000000000000010000001
10000000000000000000000010000001
10000000111111111100000010000001
10000000111111111100000010000001
10000000111111111100000010000001
10000000000000000000000010000001
10000000000000000000000010000001
10000000000000000000000010000001
10000000000000000000000010000001
10000000000000000000000010000001
10000000000000000000000010000001
10000000000000000000000010000001
11111111111111111111111111111111
00000000000000000000000000000000